001312 CёЈ¶ч 1·ЦЦУПЯ І»ёҙИЁ
      ИХЖЪ	    Кұјд	    ҝӘЕМ	    ЧоёЯ	    ЧоөН	    КХЕМ	    іЙҪ»Бҝ	    іЙҪ»¶о
2026/04/21	0931	36.51	36.53	33.00	33.10	3737700	133911984.00
2026/04/21	0932	33.00	34.85	32.21	34.85	2333000	77534872.00
2026/04/21	0933	34.91	35.79	34.91	35.79	1221600	43202204.00
2026/04/21	0934	35.80	35.80	33.86	33.86	818900	28875446.00
2026/04/21	0935	33.80	33.80	32.88	33.01	1097700	36434844.00
2026/04/21	0936	33.06	34.50	33.06	34.50	653300	22013380.00
2026/04/21	0937	34.52	34.76	33.90	33.90	653800	22587236.00
2026/04/21	0938	33.89	33.89	33.59	33.68	555100	18719430.00
2026/04/21	0939	33.74	34.10	33.74	34.10	579700	19639400.00
2026/04/21	0940	34.13	34.15	33.75	33.75	449300	15275729.00
2026/04/21	0941	33.73	33.73	33.48	33.56	459000	15411869.00
2026/04/21	0942	33.60	33.98	33.60	33.98	416400	14055964.00
2026/04/21	0943	33.98	34.00	33.90	33.92	539700	18339392.00
2026/04/21	0944	33.90	33.90	33.72	33.72	300100	10156106.00
2026/04/21	0945	33.70	33.70	33.57	33.57	287100	9663806.00
2026/04/21	0946	33.57	33.57	33.47	33.47	335600	11243495.00
2026/04/21	0947	33.45	33.45	33.29	33.29	272400	9095633.00
2026/04/21	0948	33.27	33.27	32.96	32.96	526800	17414352.00
2026/04/21	0949	32.95	32.95	32.82	32.82	566000	18608986.00
2026/04/21	0950	32.82	33.25	32.82	33.25	532900	17554132.00
2026/04/21	0951	33.28	33.70	33.28	33.70	323700	10838375.00
2026/04/21	0952	33.72	33.99	33.72	33.99	433300	14693646.00
2026/04/21	0953	33.96	33.98	33.53	33.53	328100	11104355.00
2026/04/21	0954	33.51	33.51	33.33	33.45	294700	9849143.00
2026/04/21	0955	33.46	33.81	33.46	33.81	314000	10564209.00
2026/04/21	0956	33.82	33.98	33.82	33.88	419800	14245990.00
2026/04/21	0957	33.87	33.87	33.60	33.60	142800	4824267.00
2026/04/21	0958	33.60	33.70	33.59	33.70	260500	8758298.00
2026/04/21	0959	33.74	33.79	33.71	33.75	156300	5275749.00
2026/04/21	1000	33.78	33.78	33.63	33.65	117900	3971084.75
2026/04/21	1001	33.65	33.66	33.62	33.63	170100	5723549.00
2026/04/21	1002	33.64	33.65	33.63	33.64	185600	6240250.50
2026/04/21	1003	33.63	33.64	33.59	33.59	161900	5443861.00
2026/04/21	1004	33.59	33.59	33.45	33.46	115700	3876258.50
2026/04/21	1005	33.43	33.43	33.18	33.18	148000	4936508.50
2026/04/21	1006	33.15	33.15	33.00	33.04	224700	7423830.50
2026/04/21	1007	33.07	33.46	33.07	33.46	188900	6273671.00
2026/04/21	1008	33.45	33.59	33.45	33.57	181100	6071140.50
2026/04/21	1009	33.60	33.60	33.56	33.56	222400	7468302.50
2026/04/21	1010	33.56	33.56	33.46	33.46	107700	3607713.50
2026/04/21	1011	33.43	33.43	33.30	33.31	73900	2464588.50
2026/04/21	1012	33.30	33.30	33.27	33.27	126000	4196495.50
2026/04/21	1013	33.28	33.32	33.27	33.32	189200	6297971.50
2026/04/21	1014	33.33	33.34	33.30	33.34	131500	4381934.00
2026/04/21	1015	33.34	33.38	33.33	33.38	147600	4921664.00
2026/04/21	1016	33.37	33.38	33.37	33.37	103900	3467262.00
2026/04/21	1017	33.36	33.38	33.32	33.32	126800	4229827.50
2026/04/21	1018	33.32	33.34	33.32	33.33	99100	3303129.75
2026/04/21	1019	33.33	33.34	33.32	33.33	130900	4361654.00
2026/04/21	1020	33.34	33.34	33.31	33.31	79900	2664569.50
2026/04/21	1021	33.31	33.32	33.28	33.28	114500	3810757.25
2026/04/21	1022	33.29	33.29	33.22	33.22	73000	2431314.50
2026/04/21	1023	33.22	33.22	33.11	33.11	102800	3409472.50
2026/04/21	1024	33.12	33.12	33.00	33.01	144500	4774385.50
2026/04/21	1025	33.01	33.05	33.01	33.04	176500	5829998.00
2026/04/21	1026	33.05	33.10	33.04	33.10	116400	3850673.75
2026/04/21	1027	33.09	33.13	33.09	33.13	103600	3429192.75
2026/04/21	1028	33.12	33.15	33.12	33.13	98100	3248157.50
2026/04/21	1029	33.12	33.12	33.06	33.06	120700	3995273.50
2026/04/21	1030	33.06	33.06	33.01	33.01	175400	5794083.50
2026/04/21	1031	33.01	33.03	33.00	33.03	130000	4292150.00
2026/04/21	1032	33.02	33.03	33.02	33.03	105600	3487820.00
2026/04/21	1033	33.03	33.03	33.01	33.01	91900	3035147.75
2026/04/21	1034	33.01	33.03	33.01	33.01	113000	3730626.25
2026/04/21	1035	33.01	33.03	33.01	33.01	121200	4000338.50
2026/04/21	1036	33.02	33.02	33.00	33.00	112700	3720639.25
2026/04/21	1037	33.00	33.01	32.98	32.98	177500	5857779.50
2026/04/21	1038	32.98	32.98	32.90	32.90	85700	2823543.50
2026/04/21	1039	32.91	32.91	32.80	32.80	126500	4153544.75
2026/04/21	1040	32.81	32.81	32.72	32.72	124600	4084917.25
2026/04/21	1041	32.71	32.71	32.65	32.65	187100	6113203.50
2026/04/21	1042	32.63	32.63	32.47	32.47	209300	6810758.50
2026/04/21	1043	32.45	32.45	32.32	32.33	166300	5388129.00
2026/04/21	1044	32.33	32.75	32.33	32.75	246800	8014730.00
2026/04/21	1045	32.76	33.02	32.76	33.02	189500	6244818.50
2026/04/21	1046	33.02	33.03	32.82	32.82	115000	3793146.00
2026/04/21	1047	32.85	32.85	32.68	32.69	79300	2597337.25
2026/04/21	1048	32.68	32.70	32.65	32.68	73800	2411761.25
2026/04/21	1049	32.68	32.85	32.68	32.85	81100	2654605.25
2026/04/21	1050	32.86	32.99	32.86	32.99	56500	1860989.50
2026/04/21	1051	33.00	33.00	32.89	32.90	93000	3067388.25
2026/04/21	1052	32.86	32.86	32.80	32.83	58400	1916799.13
2026/04/21	1053	32.82	32.89	32.81	32.88	53400	1752416.00
2026/04/21	1054	32.88	32.88	32.74	32.74	86600	2842242.00
2026/04/21	1055	32.76	32.84	32.75	32.82	56300	1847258.00
2026/04/21	1056	32.84	32.84	32.80	32.81	59600	1953926.75
2026/04/21	1057	32.80	32.82	32.79	32.79	53300	1749602.50
2026/04/21	1058	32.80	32.80	32.71	32.71	64100	2099188.00
2026/04/21	1059	32.72	32.72	32.69	32.69	78600	2570614.50
2026/04/21	1100	32.69	32.70	32.66	32.67	56600	1850401.38
2026/04/21	1101	32.68	32.68	32.61	32.61	78800	2572175.25
2026/04/21	1102	32.62	32.67	32.62	32.63	98400	3212411.50
2026/04/21	1103	32.64	32.64	32.61	32.62	68200	2224899.75
2026/04/21	1104	32.62	32.62	32.60	32.60	64900	2117161.25
2026/04/21	1105	32.61	32.61	32.59	32.60	61800	2014791.00
2026/04/21	1106	32.58	32.60	32.52	32.52	70800	2301785.25
2026/04/21	1107	32.53	32.53	32.43	32.43	58200	1891189.13
2026/04/21	1108	32.43	32.43	32.39	32.42	107000	3469709.50
2026/04/21	1109	32.42	32.53	32.42	32.53	103700	3366730.50
2026/04/21	1110	32.55	32.62	32.55	32.61	86900	2829026.25
2026/04/21	1111	32.62	32.62	32.61	32.61	72800	2374673.00
2026/04/21	1112	32.61	32.61	32.59	32.59	52700	1718136.00
2026/04/21	1113	32.59	32.59	32.54	32.55	35200	1148308.75
2026/04/21	1114	32.54	32.54	32.50	32.51	39000	1265778.38
2026/04/21	1115	32.50	32.50	32.45	32.45	47500	1544376.00
2026/04/21	1116	32.45	32.46	32.42	32.43	87400	2835636.25
2026/04/21	1117	32.46	32.46	32.45	32.45	51800	1680437.63
2026/04/21	1118	32.46	32.47	32.45	32.47	57600	1870529.63
2026/04/21	1119	32.47	32.50	32.47	32.50	45000	1461280.50
2026/04/21	1120	32.50	32.53	32.50	32.52	75100	2438807.00
2026/04/21	1121	32.54	32.55	32.54	32.54	45400	1478881.25
2026/04/21	1122	32.54	32.55	32.50	32.50	60800	1977698.50
2026/04/21	1123	32.50	32.50	32.46	32.50	73100	2372490.25
2026/04/21	1124	32.48	32.49	32.46	32.46	41700	1357148.75
2026/04/21	1125	32.47	32.47	32.45	32.46	74500	2417724.25
2026/04/21	1126	32.46	32.46	32.45	32.46	55000	1783925.25
2026/04/21	1127	32.46	32.46	32.44	32.45	67500	2190997.50
2026/04/21	1128	32.45	32.45	32.44	32.44	63000	2043041.00
2026/04/21	1129	32.44	32.45	32.43	32.44	56200	1823254.25
2026/04/21	1130	32.44	32.45	32.43	32.45	73100	2373229.00
2026/04/21	1301	32.45	32.45	32.40	32.40	196200	6361309.00
2026/04/21	1302	32.40	32.41	32.38	32.40	101600	3292418.75
2026/04/21	1303	32.41	32.41	32.36	32.36	76400	2474168.75
2026/04/21	1304	32.36	32.36	32.32	32.32	62400	2018396.00
2026/04/21	1305	32.32	32.32	32.29	32.29	78500	2535464.25
2026/04/21	1306	32.30	32.30	32.28	32.29	80200	2591315.75
2026/04/21	1307	32.29	32.30	32.29	32.30	78200	2524711.50
2026/04/21	1308	32.30	32.31	32.29	32.31	71800	2320935.00
2026/04/21	1309	32.32	32.33	32.31	32.33	64400	2079682.00
2026/04/21	1310	32.32	32.36	32.32	32.36	43600	1409813.25
2026/04/21	1311	32.35	32.44	32.35	32.44	73100	2366986.00
2026/04/21	1312	32.45	32.50	32.45	32.50	99600	3237372.00
2026/04/21	1313	32.48	32.49	32.42	32.43	68100	2209399.00
2026/04/21	1314	32.43	32.43	32.36	32.38	42300	1370654.00
2026/04/21	1315	32.38	32.38	32.33	32.33	89400	2891586.75
2026/04/21	1316	32.33	32.34	32.32	32.33	51300	1659290.75
2026/04/21	1317	32.35	32.35	32.33	32.34	70200	2269675.50
2026/04/21	1318	32.33	32.35	32.33	32.35	48900	1581389.00
2026/04/21	1319	32.34	32.37	32.34	32.35	48300	1563935.50
2026/04/21	1320	32.35	32.36	32.34	32.34	66900	2163515.75
2026/04/21	1321	32.34	32.35	32.33	32.33	42900	1387275.38
2026/04/21	1322	32.33	32.34	32.32	32.33	47000	1520747.75
2026/04/21	1323	32.32	32.33	32.30	32.31	68200	2200976.50
2026/04/21	1324	32.31	32.31	32.29	32.29	66300	2142219.25
2026/04/21	1325	32.29	32.29	32.26	32.26	53600	1729558.88
2026/04/21	1326	32.26	32.27	32.24	32.24	78200	2523620.25
2026/04/21	1327	32.24	32.24	32.22	32.23	97800	3151757.00
2026/04/21	1328	32.23	32.23	32.22	32.23	73700	2374984.50
2026/04/21	1329	32.22	32.23	32.21	32.22	90100	2902317.75
2026/04/21	1330	32.21	32.21	32.17	32.17	79800	2570712.00
2026/04/21	1331	32.17	32.17	32.04	32.04	78900	2533474.25
2026/04/21	1332	32.03	32.03	31.92	31.92	220800	7066342.00
2026/04/21	1333	31.91	31.91	31.71	31.72	96300	3066153.00
2026/04/21	1334	31.70	31.70	31.45	31.47	199500	6296909.50
2026/04/21	1335	31.46	31.46	31.18	31.20	158500	4966156.00
2026/04/21	1336	31.18	31.18	30.88	30.89	294800	9144931.00
2026/04/21	1337	30.91	31.48	30.91	31.48	292100	9072592.00
2026/04/21	1338	31.50	32.00	31.50	32.00	114700	3641262.00
2026/04/21	1339	32.00	32.23	32.00	32.21	151000	4845962.50
2026/04/21	1340	32.23	32.30	32.15	32.15	175600	5666545.00
2026/04/21	1341	32.12	32.12	31.55	31.55	68500	2182569.50
2026/04/21	1342	31.50	31.50	31.22	31.22	73100	2290151.50
2026/04/21	1343	31.25	31.85	31.25	31.85	105600	3322453.75
2026/04/21	1344	31.85	32.00	31.85	31.99	98200	3138298.00
2026/04/21	1345	32.00	32.00	31.80	31.80	76100	2432308.50
2026/04/21	1346	31.80	31.80	31.70	31.70	36200	1151054.75
2026/04/21	1347	31.66	31.70	31.60	31.70	50600	1599843.25
2026/04/21	1348	31.69	31.69	31.64	31.65	45300	1436248.50
2026/04/21	1349	31.65	31.65	31.62	31.62	38200	1208262.00
2026/04/21	1350	31.61	31.61	31.56	31.58	55700	1758249.00
2026/04/21	1351	31.56	31.56	31.53	31.53	42700	1347296.88
2026/04/21	1352	31.53	31.55	31.53	31.55	78700	2481389.75
2026/04/21	1353	31.54	31.55	31.53	31.54	48500	1530951.13
2026/04/21	1354	31.53	31.53	31.50	31.50	105000	3309187.75
2026/04/21	1355	31.50	31.50	31.46	31.46	74300	2340361.50
2026/04/21	1356	31.47	31.47	31.38	31.38	43900	1378469.88
2026/04/21	1357	31.39	31.39	31.26	31.26	66300	2079246.38
2026/04/21	1358	31.29	31.29	31.21	31.21	67300	2101872.25
2026/04/21	1359	31.21	31.21	31.13	31.13	81900	2552739.00
2026/04/21	1400	31.13	31.13	31.06	31.06	75000	2333236.00
2026/04/21	1401	31.05	31.05	31.01	31.01	152500	4732190.50
2026/04/21	1402	31.01	31.13	31.00	31.13	168700	5233805.50
2026/04/21	1403	31.15	31.38	31.15	31.38	88000	2751689.25
2026/04/21	1404	31.40	31.53	31.40	31.53	129100	4061821.50
2026/04/21	1405	31.55	31.67	31.55	31.67	92100	2911789.50
2026/04/21	1406	31.66	31.78	31.66	31.78	71000	2251102.75
2026/04/21	1407	31.80	31.97	31.80	31.97	79400	2531362.00
2026/04/21	1408	31.98	32.00	31.95	31.95	185600	5937701.00
2026/04/21	1409	31.92	31.92	31.56	31.56	57000	1810211.13
2026/04/21	1410	31.56	31.56	31.40	31.40	40800	1284710.50
2026/04/21	1411	31.39	31.50	31.38	31.42	80600	2534569.50
2026/04/21	1412	31.47	31.63	31.47	31.63	44800	1413658.50
2026/04/21	1413	31.64	31.67	31.64	31.66	46900	1484662.75
2026/04/21	1414	31.64	31.65	31.47	31.47	42300	1332719.75
2026/04/21	1415	31.47	31.49	31.38	31.38	68800	2161085.75
2026/04/21	1416	31.40	31.40	31.35	31.39	54400	1707489.50
2026/04/21	1417	31.38	31.39	31.35	31.35	39800	1250558.25
2026/04/21	1418	31.36	31.37	31.35	31.36	48700	1526373.00
2026/04/21	1419	31.36	31.37	31.35	31.35	45100	1414675.50
2026/04/21	1420	31.35	31.37	31.35	31.37	68000	2130767.25
2026/04/21	1421	31.37	31.39	31.37	31.37	43400	1363430.50
2026/04/21	1422	31.37	31.38	31.36	31.37	41800	1309809.50
2026/04/21	1423	31.37	31.37	31.36	31.36	37000	1161731.75
2026/04/21	1424	31.36	31.37	31.36	31.37	51400	1610973.75
2026/04/21	1425	31.36	31.37	31.34	31.34	79500	2495068.00
2026/04/21	1426	31.35	31.35	31.28	31.29	60200	1885031.88
2026/04/21	1427	31.27	31.27	31.18	31.18	55600	1736590.50
2026/04/21	1428	31.18	31.18	31.01	31.03	101600	3152959.25
2026/04/21	1429	31.04	31.10	31.02	31.10	113000	3507523.00
2026/04/21	1430	31.10	31.20	31.10	31.20	76300	2375691.50
2026/04/21	1431	31.19	31.21	31.19	31.21	75500	2357073.75
2026/04/21	1432	31.21	31.22	31.20	31.21	70700	2205126.75
2026/04/21	1433	31.21	31.21	31.18	31.18	89900	2805249.00
2026/04/21	1434	31.18	31.18	31.13	31.13	66300	2067079.75
2026/04/21	1435	31.13	31.13	31.04	31.05	60800	1889835.75
2026/04/21	1436	31.04	31.04	31.01	31.01	128200	3977392.50
2026/04/21	1437	31.01	31.01	31.00	31.00	174700	5417273.00
2026/04/21	1438	31.00	31.01	30.99	30.99	141700	4390997.50
2026/04/21	1439	30.99	30.99	30.96	30.96	99400	3077685.25
2026/04/21	1440	30.96	30.96	30.93	30.94	98600	3052306.25
2026/04/21	1441	30.93	30.94	30.90	30.90	178200	5510004.50
2026/04/21	1442	30.91	30.92	30.90	30.90	172900	5342957.00
2026/04/21	1443	30.90	30.91	30.90	30.91	133900	4136797.00
2026/04/21	1444	30.90	30.91	30.89	30.89	114100	3527255.00
2026/04/21	1445	30.89	30.90	30.89	30.90	143000	4416872.00
2026/04/21	1446	30.89	30.89	30.88	30.89	148500	4587308.00
2026/04/21	1447	30.89	30.89	30.88	30.88	157000	4848108.50
2026/04/21	1448	30.89	30.89	30.88	30.88	179000	5528314.00
2026/04/21	1449	30.88	30.88	30.85	30.86	133100	4109473.50
2026/04/21	1450	30.85	30.85	30.77	30.77	170200	5245467.50
2026/04/21	1451	30.77	30.77	30.66	30.67	191600	5883230.00
2026/04/21	1452	30.67	30.67	30.55	30.56	215400	6595692.00
2026/04/21	1453	30.56	30.56	30.28	30.28	215300	6549380.50
2026/04/21	1454	30.26	30.33	30.11	30.33	379600	11462116.00
2026/04/21	1455	30.33	30.61	30.33	30.61	289700	8836948.00
2026/04/21	1456	30.61	30.71	30.61	30.70	263700	8086491.50
2026/04/21	1457	30.71	30.71	30.58	30.58	398000	12195984.00
2026/04/21	1458	30.57	30.57	30.57	30.57	9100	277262.94
2026/04/21	1459	30.57	30.57	30.57	30.57	0	0.00
2026/04/21	1500	30.57	30.57	30.57	30.57	417000	12748515.00
2026/04/22	0931	28.10	28.57	28.00	28.36	2388100	67274592.00
2026/04/22	0932	28.40	28.75	28.40	28.67	955400	27336460.00
2026/04/22	0933	28.67	28.70	28.40	28.49	825600	23555024.00
2026/04/22	0934	28.41	28.96	28.41	28.91	519400	14854016.00
2026/04/22	0935	28.96	29.24	28.84	28.84	436100	12678285.00
2026/04/22	0936	28.83	28.83	28.63	28.63	403200	11571881.00
2026/04/22	0937	28.62	28.67	28.46	28.46	308300	8805924.00
2026/04/22	0938	28.45	28.80	28.41	28.80	439500	12525095.00
2026/04/22	0939	28.86	29.20	28.86	28.98	360500	10473436.00
2026/04/22	0940	28.99	28.99	28.58	28.58	160700	4632707.00
2026/04/22	0941	28.58	28.99	28.56	28.99	228100	6544402.50
2026/04/22	0942	28.99	29.00	28.72	28.72	202900	5869916.50
2026/04/22	0943	28.74	28.74	28.65	28.68	207900	5959512.50
2026/04/22	0944	28.70	28.85	28.70	28.83	151100	4353093.00
2026/04/22	0945	28.82	28.82	28.63	28.63	198300	5691760.00
2026/04/22	0946	28.61	28.61	28.48	28.48	263700	7527885.50
2026/04/22	0947	28.47	28.47	28.36	28.36	311200	8844332.00
2026/04/22	0948	28.35	28.39	28.28	28.39	442300	12528206.00
2026/04/22	0949	28.41	28.56	28.41	28.56	192600	5479597.00
2026/04/22	0950	28.56	28.60	28.43	28.43	175900	5018102.00
2026/04/22	0951	28.42	28.75	28.30	28.75	413300	11751702.00
2026/04/22	0952	28.75	28.80	28.37	28.60	131200	3750595.75
2026/04/22	0953	28.51	28.77	28.51	28.51	138600	3970391.25
2026/04/22	0954	28.52	28.65	28.52	28.61	124500	3556676.25
2026/04/22	0955	28.60	28.60	28.42	28.42	142300	4060074.00
2026/04/22	0956	28.41	28.44	28.41	28.43	208400	5924376.00
2026/04/22	0957	28.43	28.51	28.43	28.51	128600	3660364.00
2026/04/22	0958	28.51	28.51	28.43	28.43	168500	4798048.50
2026/04/22	0959	28.43	28.45	28.42	28.42	221800	6306456.00
2026/04/22	1000	28.43	28.43	28.37	28.37	177700	5048832.50
2026/04/22	1001	28.38	28.38	28.28	28.30	279900	7923661.00
2026/04/22	1002	28.31	28.42	28.31	28.42	146100	4146362.00
2026/04/22	1003	28.44	28.44	28.37	28.37	148900	4230030.00
2026/04/22	1004	28.39	28.40	28.38	28.40	162500	4614156.50
2026/04/22	1005	28.39	28.40	28.38	28.39	143100	4061132.75
2026/04/22	1006	28.40	28.40	28.38	28.38	132200	3753975.75
2026/04/22	1007	28.38	28.38	28.30	28.31	132100	3744339.25
2026/04/22	1008	28.31	28.31	28.25	28.25	192900	5456520.00
2026/04/22	1009	28.24	28.25	28.22	28.24	192100	5422567.50
2026/04/22	1010	28.24	28.30	28.24	28.30	155000	4380424.50
2026/04/22	1011	28.31	28.32	28.30	28.32	121000	3426540.75
2026/04/22	1012	28.33	28.33	28.30	28.31	90100	2551077.50
2026/04/22	1013	28.31	28.31	28.25	28.25	136900	3871442.00
2026/04/22	1014	28.25	28.46	28.22	28.44	305500	8651372.00
2026/04/22	1015	28.46	28.64	28.46	28.63	135300	3865148.25
2026/04/22	1016	28.63	28.74	28.57	28.57	126300	3622402.75
2026/04/22	1017	28.55	28.55	28.39	28.42	42500	1208189.13
2026/04/22	1018	28.43	28.53	28.43	28.49	73500	2093689.50
2026/04/22	1019	28.50	28.50	28.48	28.50	67800	1931447.63
2026/04/22	1020	28.51	28.56	28.51	28.55	61100	1744441.38
2026/04/22	1021	28.56	28.58	28.50	28.50	86500	2466226.25
2026/04/22	1022	28.51	28.51	28.42	28.42	71300	2029581.63
2026/04/22	1023	28.40	28.40	28.35	28.35	66800	1895592.25
2026/04/22	1024	28.34	28.34	28.32	28.32	90700	2568981.50
2026/04/22	1025	28.32	28.33	28.30	28.31	80200	2270992.00
2026/04/22	1026	28.32	28.36	28.31	28.36	57100	1619953.13
2026/04/22	1027	28.35	28.39	28.35	28.39	95600	2710091.00
2026/04/22	1028	28.39	28.42	28.38	28.42	54000	1534034.38
2026/04/22	1029	28.42	28.42	28.38	28.38	55300	1569753.50
2026/04/22	1030	28.38	28.39	28.37	28.39	79500	2257108.25
2026/04/22	1031	28.38	28.39	28.34	28.37	72300	2049209.38
2026/04/22	1032	28.36	28.37	28.34	28.36	42200	1195466.75
2026/04/22	1033	28.35	28.35	28.33	28.33	88300	2502587.00
2026/04/22	1034	28.32	28.32	28.28	28.28	145500	4119533.50
2026/04/22	1035	28.28	28.30	28.26	28.30	98500	2784651.50
2026/04/22	1036	28.30	28.36	28.30	28.36	51400	1455688.00
2026/04/22	1037	28.36	28.36	28.33	28.33	67300	1907668.88
2026/04/22	1038	28.33	28.34	28.30	28.30	69100	1958137.63
2026/04/22	1039	28.31	28.31	28.24	28.25	121200	3426839.75
2026/04/22	1040	28.25	28.25	28.21	28.21	110700	3124104.25
2026/04/22	1041	28.22	28.22	28.20	28.20	183500	5175214.00
2026/04/22	1042	28.20	28.20	28.16	28.17	210700	5936578.50
2026/04/22	1043	28.17	28.18	28.16	28.17	111300	3136224.00
2026/04/22	1044	28.17	28.24	28.17	28.24	83300	2347144.25
2026/04/22	1045	28.23	28.29	28.22	28.28	91300	2578817.00
2026/04/22	1046	28.30	28.30	28.23	28.23	84900	2400492.00
2026/04/22	1047	28.23	28.23	28.18	28.18	62200	1755919.75
2026/04/22	1048	28.18	28.18	28.16	28.17	92600	2606989.75
2026/04/22	1049	28.17	28.17	28.15	28.16	89900	2533831.75
2026/04/22	1050	28.16	28.16	28.12	28.12	126200	3549764.75
2026/04/22	1051	28.12	28.12	28.08	28.09	209600	5890383.00
2026/04/22	1052	28.08	28.08	28.00	28.01	354000	9920206.00
2026/04/22	1053	28.01	28.10	28.01	28.10	92200	2588006.75
2026/04/22	1054	28.11	28.17	28.11	28.17	68100	1914628.63
2026/04/22	1055	28.17	28.20	28.12	28.12	58800	1658338.38
2026/04/22	1056	28.11	28.12	28.05	28.06	82900	2327887.25
2026/04/22	1057	28.06	28.06	28.02	28.02	93900	2630456.00
2026/04/22	1058	28.03	28.03	28.02	28.03	123900	3473480.25
2026/04/22	1059	28.02	28.06	28.02	28.06	74300	2081735.63
2026/04/22	1100	28.06	28.13	28.06	28.13	63600	1788638.25
2026/04/22	1101	28.12	28.13	28.11	28.12	72100	2027648.75
2026/04/22	1102	28.11	28.11	28.08	28.09	64800	1818938.50
2026/04/22	1103	28.09	28.10	28.09	28.10	86700	2436446.75
2026/04/22	1104	28.09	28.13	28.09	28.13	76400	2147751.00
2026/04/22	1105	28.13	28.22	28.12	28.22	105400	2969351.00
2026/04/22	1106	28.22	28.38	28.22	28.38	75900	2148413.00
2026/04/22	1107	28.38	28.38	28.30	28.30	54800	1554204.75
2026/04/22	1108	28.30	28.30	28.25	28.28	31600	893781.00
2026/04/22	1109	28.28	28.31	28.28	28.31	38400	1087139.00
2026/04/22	1110	28.31	28.37	28.31	28.37	27400	776700.88
2026/04/22	1111	28.38	28.38	28.36	28.38	49000	1390103.25
2026/04/22	1112	28.38	28.38	28.34	28.34	31500	893656.00
2026/04/22	1113	28.33	28.34	28.26	28.26	35600	1007372.00
2026/04/22	1114	28.25	28.26	28.23	28.24	38100	1075274.50
2026/04/22	1115	28.24	28.26	28.23	28.24	33200	938016.75
2026/04/22	1116	28.22	28.22	28.13	28.13	64600	1818994.75
2026/04/22	1117	28.11	28.15	28.11	28.14	58900	1655609.75
2026/04/22	1118	28.14	28.14	28.11	28.11	57600	1619723.00
2026/04/22	1119	28.11	28.12	28.10	28.12	72700	2045869.75
2026/04/22	1120	28.12	28.13	28.11	28.11	63700	1790531.38
2026/04/22	1121	28.11	28.13	28.11	28.12	51500	1448041.00
2026/04/22	1122	28.13	28.18	28.12	28.17	30200	847915.25
2026/04/22	1123	28.17	28.30	28.17	28.30	26700	753696.69
2026/04/22	1124	28.30	28.32	28.28	28.32	48000	1360271.88
2026/04/22	1125	28.32	28.33	28.27	28.27	41200	1164172.25
2026/04/22	1126	28.27	28.29	28.27	28.29	41100	1162183.00
2026/04/22	1127	28.30	28.50	28.30	28.50	189700	5391755.00
2026/04/22	1128	28.51	28.58	28.51	28.52	106200	3030651.00
2026/04/22	1129	28.50	28.52	28.46	28.46	46400	1320358.88
2026/04/22	1130	28.46	28.52	28.42	28.50	82300	2345586.25
2026/04/22	1301	28.51	28.56	28.51	28.55	103700	2959687.50
2026/04/22	1302	28.55	28.55	28.46	28.46	72200	2057886.75
2026/04/22	1303	28.45	28.45	28.42	28.43	29500	838792.13
2026/04/22	1304	28.43	28.43	28.40	28.42	90900	2582506.00
2026/04/22	1305	28.42	28.42	28.40	28.42	58400	1659499.00
2026/04/22	1306	28.43	28.43	28.41	28.42	33400	948723.63
2026/04/22	1307	28.42	28.48	28.42	28.48	42000	1194780.00
2026/04/22	1308	28.46	28.58	28.46	28.58	50500	1440653.88
2026/04/22	1309	28.60	28.80	28.60	28.80	127500	3661798.50
2026/04/22	1310	28.82	28.85	28.63	28.69	160100	4607894.50
2026/04/22	1311	28.67	28.90	28.67	28.90	103800	2992626.00
2026/04/22	1312	28.90	28.96	28.88	28.88	188400	5448286.50
2026/04/22	1313	28.89	28.89	28.79	28.79	75200	2170839.75
2026/04/22	1314	28.78	28.78	28.64	28.70	26400	758423.50
2026/04/22	1315	28.69	28.88	28.69	28.88	69800	2009131.63
2026/04/22	1316	28.88	28.89	28.86	28.87	103300	2983078.75
2026/04/22	1317	28.86	28.88	28.79	28.80	66100	1907589.13
2026/04/22	1318	28.80	28.80	28.76	28.76	28700	826208.00
2026/04/22	1319	28.75	28.75	28.66	28.66	24400	700229.00
2026/04/22	1320	28.63	28.64	28.61	28.62	34200	978757.94
2026/04/22	1321	28.62	28.68	28.61	28.68	27900	799463.88
2026/04/22	1322	28.68	28.71	28.68	28.71	27700	794996.44
2026/04/22	1323	28.71	28.76	28.71	28.75	48200	1383940.63
2026/04/22	1324	28.76	28.77	28.71	28.71	40800	1172876.00
2026/04/22	1325	28.73	28.73	28.70	28.70	46200	1326529.00
2026/04/22	1326	28.69	28.69	28.63	28.63	46200	1326157.50
2026/04/22	1327	28.63	28.63	28.57	28.57	52000	1487711.38
2026/04/22	1328	28.56	28.56	28.52	28.52	48300	1376686.63
2026/04/22	1329	28.53	28.61	28.53	28.61	58300	1664662.50
2026/04/22	1330	28.61	28.64	28.55	28.55	24600	703379.88
2026/04/22	1331	28.55	28.55	28.53	28.54	46200	1318332.75
2026/04/22	1332	28.54	28.60	28.54	28.57	28500	814078.00
2026/04/22	1333	28.57	28.61	28.57	28.58	22100	631912.00
2026/04/22	1334	28.59	28.60	28.58	28.60	23600	676039.94
2026/04/22	1335	28.60	28.60	28.56	28.56	64700	1847611.63
2026/04/22	1336	28.56	28.56	28.52	28.52	74300	2121457.00
2026/04/22	1337	28.52	28.53	28.51	28.52	40700	1160550.50
2026/04/22	1338	28.54	28.57	28.52	28.54	40300	1149893.00
2026/04/22	1339	28.54	28.54	28.52	28.53	24900	710094.00
2026/04/22	1340	28.52	28.57	28.52	28.57	38100	1088337.50
2026/04/22	1341	28.56	28.62	28.56	28.62	31800	909299.19
2026/04/22	1342	28.62	28.69	28.62	28.67	38600	1106906.75
2026/04/22	1343	28.67	28.76	28.67	28.76	47000	1349898.75
2026/04/22	1344	28.77	28.79	28.76	28.76	55300	1591674.00
2026/04/22	1345	28.77	28.78	28.75	28.76	56800	1633827.00
2026/04/22	1346	28.75	28.75	28.65	28.65	33100	950076.19
2026/04/22	1347	28.65	28.65	28.63	28.63	30300	866304.69
2026/04/22	1348	28.63	28.64	28.60	28.60	18700	536461.38
2026/04/22	1349	28.60	28.60	28.57	28.58	49500	1415007.88
2026/04/22	1350	28.58	28.59	28.54	28.54	35400	1011073.56
2026/04/22	1351	28.54	28.55	28.54	28.55	38300	1093132.50
2026/04/22	1352	28.54	28.54	28.53	28.53	43100	1229667.75
2026/04/22	1353	28.54	28.55	28.52	28.54	35700	1017288.31
2026/04/22	1354	28.55	28.59	28.54	28.59	18100	518417.69
2026/04/22	1355	28.60	28.75	28.59	28.75	58400	1674830.00
2026/04/22	1356	28.75	28.78	28.74	28.74	46100	1325895.75
2026/04/22	1357	28.77	28.92	28.72	28.92	219900	6337706.50
2026/04/22	1358	28.92	29.65	28.92	29.62	480100	14005348.00
2026/04/22	1359	29.68	30.20	29.68	30.20	448000	13429018.00
2026/04/22	1400	30.22	30.32	29.66	29.66	328300	9862336.00
2026/04/22	1401	29.66	30.21	29.65	30.21	199600	5968353.00
2026/04/22	1402	30.18	30.18	29.82	29.82	203100	6099205.00
2026/04/22	1403	29.81	30.15	29.80	30.15	118200	3537629.75
2026/04/22	1404	30.13	30.13	29.88	29.90	133700	4014321.50
2026/04/22	1405	29.90	30.00	29.90	29.99	110200	3300131.00
2026/04/22	1406	29.98	29.99	29.95	29.97	153200	4591378.00
2026/04/22	1407	29.96	29.98	29.90	29.90	88500	2649951.00
2026/04/22	1408	29.89	29.89	29.63	29.63	71800	2139760.00
2026/04/22	1409	29.61	29.61	29.41	29.50	70600	2083923.00
2026/04/22	1410	29.50	29.75	29.50	29.75	61900	1833386.25
2026/04/22	1411	29.75	29.80	29.59	29.65	90900	2701202.00
2026/04/22	1412	29.62	29.68	29.61	29.63	50700	1502492.00
2026/04/22	1413	29.62	29.62	29.42	29.42	84600	2500646.50
2026/04/22	1414	29.42	29.50	29.35	29.50	59100	1738668.13
2026/04/22	1415	29.52	29.60	29.48	29.48	47500	1403484.25
2026/04/22	1416	29.45	29.45	29.35	29.44	64400	1890790.38
2026/04/22	1417	29.44	29.55	29.43	29.55	25900	763818.00
2026/04/22	1418	29.55	29.57	29.51	29.51	32900	972217.00
2026/04/22	1419	29.50	29.50	29.41	29.47	44700	1318942.00
2026/04/22	1420	29.48	29.50	29.47	29.48	26800	790079.00
2026/04/22	1421	29.48	29.49	29.47	29.48	24000	706933.00
2026/04/22	1422	29.48	29.51	29.48	29.51	30800	908040.50
2026/04/22	1423	29.51	29.55	29.50	29.55	32000	944766.50
2026/04/22	1424	29.55	29.59	29.55	29.58	23800	703981.00
2026/04/22	1425	29.58	29.58	29.47	29.47	55900	1650669.50
2026/04/22	1426	29.48	29.48	29.46	29.48	69000	2033474.88
2026/04/22	1427	29.48	29.50	29.47	29.50	32200	947504.38
2026/04/22	1428	29.49	29.50	29.48	29.49	27200	802144.50
2026/04/22	1429	29.49	29.52	29.49	29.52	44300	1309530.50
2026/04/22	1430	29.51	29.57	29.51	29.52	41400	1223175.00
2026/04/22	1431	29.52	29.52	29.48	29.49	49500	1457633.50
2026/04/22	1432	29.48	29.48	29.42	29.42	54000	1591417.00
2026/04/22	1433	29.43	29.43	29.21	29.21	91000	2670937.50
2026/04/22	1434	29.20	29.21	29.02	29.21	107200	3119591.00
2026/04/22	1435	29.22	29.32	29.22	29.32	59300	1735691.00
2026/04/22	1436	29.32	29.34	29.19	29.19	72800	2130882.50
2026/04/22	1437	29.16	29.16	29.03	29.08	129800	3771481.75
2026/04/22	1438	29.08	29.16	29.06	29.14	41100	1197064.75
2026/04/22	1439	29.14	29.15	29.09	29.09	73200	2132051.25
2026/04/22	1440	29.08	29.09	29.03	29.04	94900	2755824.75
2026/04/22	1441	29.04	29.08	29.04	29.08	64600	1875788.50
2026/04/22	1442	29.08	29.14	29.08	29.13	55700	1623119.88
2026/04/22	1443	29.14	29.20	29.14	29.20	47900	1396608.00
2026/04/22	1444	29.20	29.33	29.20	29.32	50600	1481044.00
2026/04/22	1445	29.33	29.43	29.33	29.43	57300	1683344.00
2026/04/22	1446	29.43	29.43	29.18	29.18	112700	3308703.75
2026/04/22	1447	29.19	29.19	29.10	29.15	83600	2434450.50
2026/04/22	1448	29.14	29.38	29.14	29.37	62000	1813671.25
2026/04/22	1449	29.38	29.38	29.25	29.25	119400	3500975.00
2026/04/22	1450	29.24	29.24	29.18	29.18	116600	3405763.00
2026/04/22	1451	29.18	29.22	29.18	29.21	168000	4907141.50
2026/04/22	1452	29.20	29.21	29.18	29.18	186300	5437137.50
2026/04/22	1453	29.17	29.17	29.10	29.10	175600	5115530.50
2026/04/22	1454	29.09	29.09	29.01	29.01	180200	5233846.00
2026/04/22	1455	29.02	29.06	29.02	29.05	182600	5302003.00
2026/04/22	1456	29.06	29.08	29.06	29.08	237000	6889536.00
2026/04/22	1457	29.09	29.10	29.08	29.09	322300	9378406.00
2026/04/22	1458	29.10	29.10	29.10	29.10	5000	145464.00
2026/04/22	1459	29.10	29.10	29.10	29.10	0	0.00
2026/04/22	1500	29.10	29.10	29.10	29.10	299200	8706720.00
2026/04/23	0931	28.47	28.47	28.07	28.28	1041200	29427340.00
2026/04/23	0932	28.25	28.25	27.80	27.95	844500	23645920.00
2026/04/23	0933	28.00	28.18	28.00	28.13	325800	9152449.00
2026/04/23	0934	28.13	28.35	28.12	28.35	219900	6195356.50
2026/04/23	0935	28.33	28.33	28.15	28.16	179900	5075853.50
2026/04/23	0936	28.18	28.40	28.18	28.40	153100	4325978.00
2026/04/23	0937	28.40	28.40	28.20	28.20	213400	6050265.00
2026/04/23	0938	28.32	28.32	28.20	28.25	105800	2991436.75
2026/04/23	0939	28.25	28.25	28.16	28.17	204700	5772478.50
2026/04/23	0940	28.18	28.22	28.11	28.11	206300	5813908.00
2026/04/23	0941	28.12	28.12	28.01	28.01	204400	5737466.00
2026/04/23	0942	28.01	28.01	27.82	27.82	415200	11596486.00
2026/04/23	0943	27.84	27.93	27.72	27.72	666100	18537712.00
2026/04/23	0944	27.72	27.92	27.70	27.91	383600	10656196.00
2026/04/23	0945	27.92	27.92	27.71	27.71	244700	6798701.00
2026/04/23	0946	27.71	27.71	27.65	27.71	416200	11521073.00
2026/04/23	0947	27.71	27.75	27.66	27.66	377600	10458081.00
2026/04/23	0948	27.66	27.66	27.60	27.60	334500	9241199.00
2026/04/23	0949	27.58	27.58	27.46	27.48	484600	13334963.00
2026/04/23	0950	27.48	27.66	27.48	27.65	229700	6327714.00
2026/04/23	0951	27.65	27.69	27.65	27.69	142500	3941372.50
2026/04/23	0952	27.70	27.70	27.27	27.37	463500	12723882.00
2026/04/23	0953	27.40	27.42	27.18	27.19	548100	14977915.00
2026/04/23	0954	27.19	27.20	27.16	27.20	346500	9418618.00
2026/04/23	0955	27.20	27.38	27.20	27.35	125100	3414829.00
2026/04/23	0956	27.31	27.37	27.31	27.37	120300	3288650.00
2026/04/23	0957	27.38	27.45	27.37	27.42	105800	2897148.25
2026/04/23	0958	27.45	27.46	27.36	27.36	100900	2768133.50
2026/04/23	0959	27.36	27.36	27.30	27.31	134500	3674523.75
2026/04/23	1000	27.31	27.32	27.30	27.32	94100	2570272.75
2026/04/23	1001	27.33	27.39	27.32	27.39	78100	2137241.00
2026/04/23	1002	27.40	27.50	27.40	27.49	83100	2281160.00
2026/04/23	1003	27.49	27.49	27.43	27.43	69600	1913182.88
2026/04/23	1004	27.44	27.44	27.41	27.41	61700	1691576.50
2026/04/23	1005	27.40	27.41	27.38	27.39	101200	2771583.00
2026/04/23	1006	27.40	27.47	27.40	27.47	42600	1168301.75
2026/04/23	1007	27.47	27.50	27.47	27.50	69600	1912728.75
2026/04/23	1008	27.48	27.50	27.39	27.42	105400	2893804.00
2026/04/23	1009	27.41	27.41	27.36	27.36	89700	2456674.00
2026/04/23	1010	27.36	27.36	27.32	27.32	95200	2601544.00
2026/04/23	1011	27.33	27.33	27.28	27.28	129500	3536219.25
2026/04/23	1012	27.28	27.28	27.22	27.22	116400	3171407.00
2026/04/23	1013	27.23	27.28	27.23	27.28	126600	3447798.00
2026/04/23	1014	27.27	27.32	27.27	27.28	91400	2496013.00
2026/04/23	1015	27.29	27.33	27.26	27.26	65900	1798859.00
2026/04/23	1016	27.26	27.26	27.22	27.25	120100	3271430.00
2026/04/23	1017	27.25	27.30	27.25	27.29	76600	2088483.00
2026/04/23	1018	27.30	27.30	27.27	27.29	80200	2188491.00
2026/04/23	1019	27.29	27.30	27.28	27.29	61600	1679484.25
2026/04/23	1020	27.29	27.30	27.29	27.30	77200	2107483.25
2026/04/23	1021	27.30	27.38	27.30	27.38	44700	1222442.63
2026/04/23	1022	27.38	27.44	27.38	27.40	89600	2455926.25
2026/04/23	1023	27.40	27.45	27.38	27.45	33100	906935.00
2026/04/23	1024	27.45	27.47	27.42	27.47	54800	1505126.00
2026/04/23	1025	27.47	27.48	27.42	27.45	37100	1018542.13
2026/04/23	1026	27.45	27.45	27.38	27.39	35200	965043.06
2026/04/23	1027	27.38	27.40	27.38	27.40	33600	920096.00
2026/04/23	1028	27.39	27.39	27.35	27.35	44700	1223006.13
2026/04/23	1029	27.35	27.35	27.30	27.31	65200	1780963.38
2026/04/23	1030	27.30	27.30	27.27	27.28	56200	1534641.75
2026/04/23	1031	27.28	27.28	27.27	27.27	48900	1333174.13
2026/04/23	1032	27.27	27.29	27.27	27.29	58000	1582268.00
2026/04/23	1033	27.29	27.35	27.29	27.35	17400	475055.00
2026/04/23	1034	27.35	27.49	27.35	27.44	67000	1837401.63
2026/04/23	1035	27.44	27.44	27.32	27.32	35400	969888.50
2026/04/23	1036	27.32	27.34	27.31	27.33	26400	721435.00
2026/04/23	1037	27.35	27.38	27.33	27.35	18900	516351.56
2026/04/23	1038	27.34	27.40	27.33	27.34	45300	1239028.50
2026/04/23	1039	27.34	27.40	27.34	27.38	21800	599147.63
2026/04/23	1040	27.39	27.39	27.34	27.34	31700	867110.00
2026/04/23	1041	27.33	27.37	27.33	27.36	29900	815271.88
2026/04/23	1042	27.39	27.39	27.35	27.35	24000	656800.00
2026/04/23	1043	27.35	27.35	27.30	27.30	61800	1688947.00
2026/04/23	1044	27.30	27.32	27.28	27.28	82100	2240384.00
2026/04/23	1045	27.27	27.28	27.27	27.27	40700	1109717.50
2026/04/23	1046	27.27	27.27	27.24	27.25	74300	2025093.88
2026/04/23	1047	27.25	27.28	27.25	27.27	55700	1519216.50
2026/04/23	1048	27.27	27.33	27.27	27.32	36700	1001430.00
2026/04/23	1049	27.32	27.36	27.32	27.34	45100	1232798.00
2026/04/23	1050	27.35	27.37	27.32	27.32	35600	973389.19
2026/04/23	1051	27.31	27.34	27.31	27.32	34700	948218.19
2026/04/23	1052	27.32	27.33	27.32	27.32	33200	907147.00
2026/04/23	1053	27.32	27.36	27.32	27.34	22200	606958.00
2026/04/23	1054	27.33	27.35	27.32	27.35	28900	789883.00
2026/04/23	1055	27.35	27.35	27.33	27.34	35200	963652.94
2026/04/23	1056	27.33	27.34	27.28	27.28	89800	2452326.00
2026/04/23	1057	27.28	27.28	27.27	27.27	39700	1082821.00
2026/04/23	1058	27.27	27.28	27.26	27.27	30500	831772.00
2026/04/23	1059	27.26	27.30	27.26	27.28	31200	851188.00
2026/04/23	1100	27.29	27.30	27.27	27.27	28300	771173.00
2026/04/23	1101	27.27	27.28	27.26	27.26	38800	1058324.75
2026/04/23	1102	27.28	27.29	27.26	27.28	30600	835730.25
2026/04/23	1103	27.28	27.28	27.25	27.25	55500	1511478.63
2026/04/23	1104	27.26	27.26	27.21	27.21	145800	3970244.00
2026/04/23	1105	27.20	27.22	27.20	27.21	76800	2090819.38
2026/04/23	1106	27.22	27.22	27.20	27.21	43800	1191799.00
2026/04/23	1107	27.22	27.25	27.22	27.25	40800	1109555.00
2026/04/23	1108	27.25	27.25	27.23	27.25	29300	798315.00
2026/04/23	1109	27.25	27.25	27.22	27.22	37600	1024940.44
2026/04/23	1110	27.21	27.22	27.20	27.22	61200	1663273.50
2026/04/23	1111	27.21	27.24	27.20	27.24	45700	1243810.38
2026/04/23	1112	27.23	27.24	27.22	27.23	40600	1105170.50
2026/04/23	1113	27.22	27.22	27.20	27.21	64000	1741033.00
2026/04/23	1114	27.20	27.20	27.17	27.17	74500	2025193.00
2026/04/23	1115	27.17	27.17	27.10	27.11	171200	4644615.00
2026/04/23	1116	27.10	27.12	27.08	27.11	88500	2398241.50
2026/04/23	1117	27.12	27.12	27.11	27.12	54700	1483104.00
2026/04/23	1118	27.12	27.12	27.09	27.10	61500	1668686.63
2026/04/23	1119	27.12	27.13	27.10	27.12	44300	1201360.25
2026/04/23	1120	27.11	27.15	27.11	27.15	18100	491040.00
2026/04/23	1121	27.15	27.16	27.14	27.14	24600	667963.00
2026/04/23	1122	27.13	27.14	27.10	27.10	42800	1160525.00
2026/04/23	1123	27.11	27.11	27.08	27.09	55200	1495923.38
2026/04/23	1124	27.08	27.09	27.03	27.04	110300	2984668.00
2026/04/23	1125	27.02	27.03	27.01	27.03	140900	3805325.25
2026/04/23	1126	27.03	27.04	27.02	27.04	64900	1753871.00
2026/04/23	1127	27.05	27.06	27.05	27.06	37600	1017147.94
2026/04/23	1128	27.06	27.12	27.06	27.12	32100	868674.06
2026/04/23	1129	27.10	27.21	27.10	27.21	22600	615933.94
2026/04/23	1130	27.21	27.38	27.21	27.38	50500	1375882.13
2026/04/23	1301	27.40	27.51	27.35	27.50	164900	4527865.00
2026/04/23	1302	27.52	27.70	27.52	27.67	110900	3064169.25
2026/04/23	1303	27.59	27.65	27.59	27.60	89200	2465785.00
2026/04/23	1304	27.59	27.59	27.40	27.57	155300	4281458.00
2026/04/23	1305	27.58	27.61	27.51	27.51	70500	1945148.00
2026/04/23	1306	27.57	27.57	27.50	27.55	30700	844239.00
2026/04/23	1307	27.55	27.58	27.53	27.53	50400	1389407.00
2026/04/23	1308	27.44	27.50	27.40	27.40	66900	1837879.13
2026/04/23	1309	27.40	27.44	27.40	27.44	42400	1161022.75
2026/04/23	1310	27.44	27.45	27.41	27.42	27800	762563.38
2026/04/23	1311	27.41	27.41	27.39	27.39	69400	1902494.38
2026/04/23	1312	27.39	27.40	27.30	27.30	109200	2988955.00
2026/04/23	1313	27.28	27.35	27.27	27.35	22100	603271.00
2026/04/23	1314	27.41	27.49	27.41	27.49	27500	753899.13
2026/04/23	1315	27.50	27.54	27.40	27.40	48400	1330222.88
2026/04/23	1316	27.40	27.40	27.30	27.33	26700	729868.00
2026/04/23	1317	27.31	27.35	27.31	27.35	42500	1161208.00
2026/04/23	1318	27.35	27.40	27.35	27.37	8300	227186.00
2026/04/23	1319	27.37	27.37	27.33	27.34	38700	1058517.00
2026/04/23	1320	27.36	27.36	27.34	27.34	19500	533227.00
2026/04/23	1321	27.34	27.35	27.34	27.34	24900	680839.00
2026/04/23	1322	27.33	27.34	27.31	27.32	19200	524712.00
2026/04/23	1323	27.32	27.35	27.32	27.34	12700	345037.31
2026/04/23	1324	27.34	27.34	27.32	27.33	14400	393620.00
2026/04/23	1325	27.32	27.32	27.27	27.28	65800	1798577.75
2026/04/23	1326	27.28	27.28	27.25	27.25	25200	687013.31
2026/04/23	1327	27.24	27.24	27.18	27.19	54000	1469352.00
2026/04/23	1328	27.17	27.17	27.16	27.16	32600	884398.19
2026/04/23	1329	27.16	27.19	27.15	27.18	28800	782379.56
2026/04/23	1330	27.17	27.20	27.15	27.20	58800	1598508.50
2026/04/23	1331	27.20	27.21	27.18	27.21	20400	554823.00
2026/04/23	1332	27.21	27.22	27.21	27.22	57300	1559248.88
2026/04/23	1333	27.22	27.22	27.17	27.17	35700	970745.00
2026/04/23	1334	27.17	27.18	27.15	27.15	46800	1271539.00
2026/04/23	1335	27.15	27.15	27.10	27.11	48900	1326039.00
2026/04/23	1336	27.11	27.17	27.11	27.17	42600	1156105.38
2026/04/23	1337	27.15	27.15	27.13	27.13	25200	684103.06
2026/04/23	1338	27.13	27.17	27.13	27.16	40300	1094199.00
2026/04/23	1339	27.16	27.17	27.15	27.15	24600	668073.00
2026/04/23	1340	27.14	27.15	27.14	27.14	30400	825165.00
2026/04/23	1341	27.15	27.17	27.14	27.14	24900	675402.75
2026/04/23	1342	27.14	27.14	27.12	27.12	47400	1286863.00
2026/04/23	1343	27.13	27.13	27.11	27.11	41200	1117181.00
2026/04/23	1344	27.10	27.10	27.06	27.08	71900	1945784.75
2026/04/23	1345	27.08	27.08	27.06	27.07	67000	1812752.00
2026/04/23	1346	27.07	27.11	27.07	27.11	49800	1349440.00
2026/04/23	1347	27.12	27.14	27.11	27.13	39600	1074208.75
2026/04/23	1348	27.14	27.15	27.13	27.15	31600	857520.38
2026/04/23	1349	27.15	27.20	27.15	27.19	40700	1105762.50
2026/04/23	1350	27.18	27.36	27.18	27.36	56000	1529537.38
2026/04/23	1351	27.34	27.38	27.31	27.32	52800	1444290.63
2026/04/23	1352	27.30	27.30	27.23	27.25	102800	2804253.00
2026/04/23	1353	27.28	27.28	27.24	27.28	10000	272586.00
2026/04/23	1354	27.25	27.28	27.25	27.26	22700	620207.75
2026/04/23	1355	27.28	27.28	27.22	27.22	21300	579549.25
2026/04/23	1356	27.20	27.22	27.20	27.21	27600	750978.94
2026/04/23	1357	27.20	27.20	27.15	27.15	27000	733972.00
2026/04/23	1358	27.15	27.15	27.11	27.12	50500	1370204.38
2026/04/23	1359	27.11	27.12	27.10	27.11	31100	843070.75
2026/04/23	1400	27.11	27.13	27.11	27.12	38500	1044999.69
2026/04/23	1401	27.13	27.13	27.12	27.13	41300	1120269.00
2026/04/23	1402	27.13	27.15	27.12	27.14	31700	858181.44
2026/04/23	1403	27.14	27.21	27.14	27.20	12200	331916.59
2026/04/23	1404	27.21	27.23	27.20	27.20	27200	739891.38
2026/04/23	1405	27.20	27.20	27.15	27.15	24900	676694.00
2026/04/23	1406	27.14	27.15	27.13	27.14	20800	564552.00
2026/04/23	1407	27.13	27.13	27.12	27.12	22800	619309.31
2026/04/23	1408	27.13	27.13	27.10	27.10	26500	718606.06
2026/04/23	1409	27.11	27.11	27.08	27.08	98300	2663105.50
2026/04/23	1410	27.08	27.08	27.04	27.05	93200	2521399.75
2026/04/23	1411	27.05	27.05	27.03	27.03	94200	2548627.50
2026/04/23	1412	27.03	27.04	27.03	27.03	87000	2351891.00
2026/04/23	1413	27.03	27.08	27.02	27.08	41500	1121026.88
2026/04/23	1414	27.07	27.12	27.06	27.12	25900	701844.63
2026/04/23	1415	27.12	27.12	27.08	27.08	39300	1065067.00
2026/04/23	1416	27.08	27.10	27.06	27.06	26700	723003.00
2026/04/23	1417	27.06	27.08	27.06	27.08	33200	898860.00
2026/04/23	1418	27.07	27.08	27.07	27.07	25700	695831.00
2026/04/23	1419	27.07	27.14	27.07	27.14	79900	2166479.00
2026/04/23	1420	27.14	27.18	27.13	27.15	29700	806523.00
2026/04/23	1421	27.16	27.17	27.14	27.14	38000	1031798.00
2026/04/23	1422	27.13	27.14	27.10	27.10	33900	919276.00
2026/04/23	1423	27.10	27.10	27.06	27.07	46200	1251336.00
2026/04/23	1424	27.07	27.07	27.06	27.06	42600	1151309.00
2026/04/23	1425	27.06	27.07	27.05	27.05	33700	911877.38
2026/04/23	1426	27.06	27.07	27.05	27.05	31600	855108.81
2026/04/23	1427	27.05	27.07	27.03	27.05	86800	2346955.00
2026/04/23	1428	27.05	27.05	27.02	27.02	66500	1798442.88
2026/04/23	1429	27.02	27.04	27.01	27.03	84400	2280675.00
2026/04/23	1430	27.03	27.04	27.02	27.03	57100	1543302.00
2026/04/23	1431	27.03	27.03	27.01	27.01	83400	2254518.50
2026/04/23	1432	27.01	27.02	27.01	27.01	96400	2603972.00
2026/04/23	1433	27.01	27.01	27.00	27.00	112800	3043735.50
2026/04/23	1434	27.01	27.01	26.97	26.97	212300	5732124.00
2026/04/23	1435	26.97	26.97	26.92	26.93	123900	3338956.50
2026/04/23	1436	26.93	26.98	26.92	26.98	86700	2337289.50
2026/04/23	1437	26.98	26.98	26.96	26.96	59800	1613258.75
2026/04/23	1438	26.95	26.97	26.95	26.96	104400	2814634.25
2026/04/23	1439	26.96	26.98	26.96	26.98	94200	2540096.00
2026/04/23	1440	26.97	27.00	26.97	27.00	57600	1552173.75
2026/04/23	1441	27.00	27.02	26.99	27.01	54000	1459933.00
2026/04/23	1442	27.01	27.01	26.97	26.97	81100	2188066.00
2026/04/23	1443	26.97	27.00	26.97	26.99	131000	3534222.00
2026/04/23	1444	26.99	27.00	26.98	27.00	65300	1762732.00
2026/04/23	1445	26.99	26.99	26.97	26.98	72600	1959264.50
2026/04/23	1446	26.98	26.99	26.96	26.96	100400	2707750.50
2026/04/23	1447	26.97	26.97	26.94	26.94	178000	4797937.00
2026/04/23	1448	26.94	26.94	26.90	26.90	164300	4423696.50
2026/04/23	1449	26.91	26.91	26.88	26.89	204100	5489020.00
2026/04/23	1450	26.88	26.89	26.87	26.89	149900	4028903.50
2026/04/23	1451	26.88	26.90	26.88	26.88	135800	3650964.00
2026/04/23	1452	26.87	26.89	26.87	26.87	170400	4580370.50
2026/04/23	1453	26.88	26.88	26.84	26.84	242900	6523289.00
2026/04/23	1454	26.84	26.85	26.83	26.83	164700	4420425.00
2026/04/23	1455	26.83	26.83	26.80	26.81	247000	6623255.00
2026/04/23	1456	26.81	26.89	26.81	26.87	279100	7488258.50
2026/04/23	1457	26.87	26.98	26.87	26.95	300200	8090771.00
2026/04/23	1458	26.94	26.94	26.94	26.94	10900	293696.00
2026/04/23	1459	26.94	26.94	26.94	26.94	0	0.00
2026/04/23	1500	26.93	26.93	26.93	26.93	252800	6809089.00
#КэҫЭАҙФҙ:НЁҙпРЕ
